<?xml version="1.0"?>
<opencv_storage>
<R type_id="opencv-matrix">
  <rows>3</rows>
  <cols>3</cols>
  <dt>d</dt>
  <data>
    9.9911478935118514e-01 -7.4976181034993837e-03
    -4.1393519088270811e-02 7.4107134775955232e-03
    9.9997000328790175e-01 -2.2525208426720658e-03
    4.1409165959844521e-02 1.9437713774429141e-03 9.9914038189202536e-01</data></R>
<T type_id="opencv-matrix">
  <rows>3</rows>
  <cols>1</cols>
  <dt>d</dt>
  <data>
    -2.1170988683896010e+00 -2.2273599207593548e-02
    -1.4059973324409428e-02</data></T>
<P1 type_id="opencv-matrix">
  <rows>3</rows>
  <cols>4</cols>
  <dt>d</dt>
  <data>
    4.3866365406607497e+02 0. 3.1048497772216797e+02 0. 0.
    4.3866365406607497e+02 1.8822959518432617e+02 0. 0. 0. 1. 0.</data></P1>
<P2 type_id="opencv-matrix">
  <rows>3</rows>
  <cols>4</cols>
  <dt>d</dt>
  <data>
    4.3866365406607497e+02 0. 3.1048497772216797e+02
    -9.2876620024457236e+02 0. 4.3866365406607497e+02
    1.8822959518432617e+02 0. 0. 0. 1. 0.</data></P2>
</opencv_storage>
