<?xml version="1.0"?>
<opencv_storage>
<D type_id="opencv-matrix">
  <rows>1</rows>
  <cols>5</cols>
  <dt>d</dt>
  <data>
    -1.0678152607314251e-01 -2.3678373868237798e-01
    8.9024583007694849e-04 -3.0911948813663022e-03
    6.0977602569801836e-01</data></D>
</opencv_storage>
