<?xml version="1.0"?>
<opencv_storage>
<K type_id="opencv-matrix">
  <rows>3</rows>
  <cols>3</cols>
  <dt>d</dt>
  <data>
    9.5344076126035543e+02 0. 3.4515034439461675e+02 0.
    9.5300120788725303e+02 2.0962954401926351e+02 0. 0. 1.</data></K>
</opencv_storage>
